Name:testsForDummys.DummyTests
AvarageLaufzeit: 2.3928000000000003
Obergrenze:3.89
Untergrenze:1.842
Varianz:0.62066536

Name:testsForDummys.DummyTests
AvarageLaufzeit: 2.394
Obergrenze:3.89
Untergrenze:1.848
Varianz:0.6193492

t0: 2.4373140954747705 pVALUE:1.6646246445072475
Status ist: GROESSER
